                     CLIMATOLOGICAL SUMMARY for year 2012


NAME: Granby Ranch, Granby, Colorado                  
ELEV: 2548 meters    LAT: 40-03.06 N    LONG: 105-54.48 W


                                       TEMPERATURE (C)

                              HEAT    COOL                              MAX    MAX    MIN    MIN
          MEAN   MEAN         DEG     DEG                                >=     <=     <=     <=
 YR  MO   MAX    MIN    MEAN  DAYS    DAYS      HI  DAY     LOW  DAY     30      0      0    -20
------------------------------------------------------------------------------------------------
2012 01
2012 02
2012 03
2012 04
2012 05
2012 06
2012 07
2012 08
2012 09   18.4    0.7    9.2  133.2    0.0    22.5   22    -3.2   18      0      0      8      0
2012 10   12.1   -3.9    3.8  450.6    0.0    20.2   03   -11.6   07      0      2     29      0
2012 11    6.9   -9.3   -1.6  597.2    0.0    14.0   07   -18.8   12      0      3     30      0
2012 12   -3.6  -15.7   -9.4  860.5    0.0    10.4   05   -29.4   20      0     24     31      9
------------------------------------------------------------------------------------------------
           7.0   -8.2   -0.8 2041.5    0.0    22.5  Sep   -29.4  Dec      0     29     98      9


                  PRECIPITATION (mm)

                  MAX         ---DAYS OF RAIN---
                  OBS.               OVER
 YR  MO  TOTAL    DAY  DATE   0.30   3.00  30.00
------------------------------------------------
2012 01
2012 02
2012 03
2012 04
2012 05
2012 06
2012 07
2012 08
2012 09   15.0    8.9    26      2      2      0
2012 10   16.0    4.6    12      6      3      0
2012 11    2.5    1.0    14      3      0      0
2012 12    0.3    0.3    12      0      0      0
------------------------------------------------
          33.8    8.9   Sep     11      5      0


           WIND SPEED (km/h)

                                DOM
 YR  MO    AVG     HI   DATE    DIR
-----------------------------------
2012 01
2012 02
2012 03
2012 04
2012 05
2012 06
2012 07
2012 08
2012 09    1.8   32.2     25    104 
2012 10    1.9   43.5     23     82 
2012 11    1.1   29.0     25     80 
2012 12    0.9   33.8     17     93 
-----------------------------------
           1.4   43.5    Oct     89

