                     CLIMATOLOGICAL SUMMARY for year 2013


NAME: Granby Ranch, Granby, Colorado                  
ELEV: 2548 meters    LAT: 40-03.06 N    LONG: 105-54.48 W


                                       TEMPERATURE (C)

                              HEAT    COOL                              MAX    MAX    MIN    MIN
          MEAN   MEAN         DEG     DEG                                >=     <=     <=     <=
 YR  MO   MAX    MIN    MEAN  DAYS    DAYS      HI  DAY     LOW  DAY     30      0      0    -20
------------------------------------------------------------------------------------------------
2013 01   -6.9  -19.6  -13.4  984.6    0.0     5.4   26   -30.4   14      0     27     31     18
2013 02   -3.1  -16.6  -10.0  792.4    0.0     3.8   17   -25.2   19      0     24     28      4
2013 03    4.1  -10.4   -3.3  670.2    0.0    11.5   15   -23.2   05      0      7     31      1
2013 04    8.9   -6.0    1.2  394.5    0.0    18.2   29   -14.5   10      0      1     22      0
2013 05   15.0   -1.7    6.6  363.1    0.0    23.4   26   -14.0   02      0      0     19      0
2013 06   24.7    3.2   14.9  104.4    1.7    29.6   27    -2.8   02      0      0      3      0
2013 07   25.7    6.9   15.9   79.4    2.9    30.3   11     3.4   01      1      0      0      0
2013 08   24.8    5.5   14.2  128.7    0.0    28.6   20     0.7   15      0      0      0      0
2013 09   19.8    3.4   10.7  229.6    0.0    28.3   04    -4.4   29      0      0     10      0
2013 10    9.8   -5.1    1.7  514.5    0.0    20.3   01   -10.6   19      0      1     31      0
2013 11    4.3   -9.7   -3.0  639.9    0.0    10.5   10   -15.2   06      0      4     30      0
2013 12   -4.2  -16.3  -10.0  885.4    0.0    18.8   11   -28.5   05      0     22     31      9
------------------------------------------------------------------------------------------------
          10.3   -5.5    2.3 5786.8    4.6    30.3  Jul   -30.4  Jan      1     86    236     32


                  PRECIPITATION (mm)

                  MAX         ---DAYS OF RAIN---
                  OBS.               OVER
 YR  MO  TOTAL    DAY  DATE   0.30   3.00  30.00
------------------------------------------------
2013 01    4.6    2.3    25      2      0      0
2013 02    9.4    3.0    02      8      1      0
2013 03    9.4    2.3    12      8      0      0
2013 04   23.9    8.4    23      8      3      0
2013 05   48.5   14.7    02     12      4      0
2013 06    3.0    1.8    30      2      0      0
2013 07   75.4   18.0    15     16      9      0
2013 08   32.3    6.9    23     12      4      0
2013 09   68.3   11.9    22     13      8      0
2013 10   15.5    3.8    14      8      2      0
2013 11    9.9    2.0    23      9      0      0
2013 12    0.5    0.5    11      1      0      0
------------------------------------------------
         300.7   18.0   Jul     99     31      0


           WIND SPEED (km/h)

                                DOM
 YR  MO    AVG     HI   DATE    DIR
-----------------------------------
2013 01    0.7   29.0     31    120 
2013 02    1.0   27.4     14    122 
2013 03    1.7   49.9     17     90 
2013 04    2.6   54.7     08    111 
2013 05    3.1   49.9     26    110 
2013 06    2.3   46.7     23     96 
2013 07    2.5   46.7     24    113 
2013 08    2.2   48.3     29     94 
2013 09    2.0   49.9     18    113 
2013 10    1.4   41.8     09    112 
2013 11    1.0   32.2     06     82 
2013 12    0.7   30.6     24    104 
-----------------------------------
           1.8   54.7    Apr    106

